0.009252228103287052
0.010151798102015164
0.011842242903367151
0.014417954099189955
0.01666868420143146
0.01976565309887519
0.027285020798444748
0.027705971398972906
0.0335067899999558
0.040662296098889786
0.04925763300125254
0.057895615897723476
0.06228497279953445
0.07408861330040964
0.08571709069947246
0.0989482427976327
0.11083201270084828
0.1278338550007902
0.1355579705981654
0.15563618520100136
0.17823855350143275
0.18980010020168264
0.20812726769654546
0.229196969998884
0.25819176489603707
0.2763104956000461
0.3003767751986743
0.3253983297981904
0.3870944388982025
0.44777872679987923
0.4653864435997093
0.5054176623001695
0.5979219844972249
0.62490939390118
0.5945119475029059
0.6391043592011556
0.6731995984970126
0.7417959331025485
0.7316737580942572
0.8189313311013393
0.8652845774980961
0.9493846755038249
1.0795179315988208
0.9793887904990697
1.0370067022988223
1.2270642467017752
1.264919320998888
1.279869175098429
1.3222816158013302
