0.14923306020064048
0.15010925339884124
0.13206663979945005
0.14105725430126767
0.158087620898732
0.1504785127006471
0.15876817290263717
0.148395220299426
0.15348997980181595
0.15144866990012815
0.14786508440156468
0.1467289668027661
0.14211790340050356
0.13740198620216687
0.14073659109708386
0.13696698950079736
0.12731787119701038
0.13399593760113931
0.15159419419942424
0.14145388550095958
0.15441638310294364
0.1513108788014506
0.13992687539866894
0.15015239720087264
0.15132691229810008
0.14261695030290866
0.1404045977993519
0.14365115250257077
0.162080030204379
0.16225271969742608
0.15845666150416945
0.17524408080353168
0.16784115250047763
0.1787401294001029
0.15092259500088404
0.1476038079985301
0.1412661913986085
0.15577870090055512
0.13430636020057135
0.14588447180431102
0.1412782554005389
0.1365038319010637
0.13445806600211654
0.13268554230162408
0.12726124769542366
0.1517166756995721
0.12753735100413904
0.11478436580073322
0.11782709359977162
