0.08591612269665347
0.0818103372992482
0.10390191909973509
0.10109890040039318
0.10653962119977223
0.10886009509995347
0.12639974859775976
0.12397039080096875
0.12083998829912161
0.1268363915994996
0.13316413199936505
0.14363230540038785
0.15271863730013138
0.12812694139865927
0.1288429527034168
0.1619593043011264
0.15993071280245202
0.13271943129657301
0.1615238180020242
0.17829891850124113
0.16908101039734902
0.2012338795015239
0.18447101350175216
0.19008162370155332
0.16804456830141135
0.19359927589830478
0.23134773170022527
0.2070307315007085
0.23281652360165025
0.25541085160075455
0.277464574399346
0.2644133758978569
0.30072456810012227
0.2750196640015929
0.294636821198219
0.30312190289841967
0.2965349361023982
0.2966828096992685
0.2938153463037452
0.2999306529978639
0.32672621460078516
0.29235946549742947
0.3899867419997463
0.3331278099998599
0.35149714310537095
0.3527066185983131
0.3661930576970917
0.38680538759945193
0.37903326749801636
