0.244401411000581
0.24207138880010462
0.2478108018025523
0.2565741088008508
0.28129592629993566
0.27910426089947576
0.3124529422988417
0.30007158249936766
0.30783675810089334
0.31894735759851756
0.3302868494021823
0.3482568881008774
0.3571215135001694
0.33961754090123575
0.3552966344999732
0.39787453659955646
0.3980805967003107
0.39454922389850255
0.44867598279961385
0.47538898920320205
0.5017359470017254
0.5423448585046572
0.5325251565969665
0.56943099090131
0.5775632454955485
0.6125267218012596
0.6721291046982515
0.6760802138014697
0.7819909927042318
0.8654422980980598
0.9013076795032248
0.945075119001558
1.0664877050978248
1.0786691873028758
1.040071363702009
1.0898300700981054
1.1110007259980192
1.1942574437023723
1.1597954645985737
1.2647464559035142
1.3332890474994201
1.378247972902318
1.6039627396006835
1.4452021428005537
1.515765093099617
1.7314875409996602
1.7586497297001187
1.7814589284986142
1.8191419768991182
