0.002419912449840922
0.002088891849416541
0.0026713262988778295
0.0027136793025420046
0.006101629302429501
0.005162290199950803
0.005566237598395673
0.007283819899748778
0.008148559601249872
0.011140231299214065
0.01165131789894076
0.018725022049329708
0.015091804201074411
0.0229128076476627
0.027050156000768766
0.0368327975505963
0.027054521599347937
0.048888046803040194
0.04399419815163128
0.05203052110082353
0.0830361604996142
0.05079990320082288
0.08708098710048943
0.09930394889961462
0.08644008324990864
0.11352460790003534
0.09361652124935063
0.11333708480015048
0.16518446525078617
0.1824452218512306
0.1438234189481591
0.13260815505127538
0.25362596344930355
0.13684135569856154
0.2157791407989862
0.2622691147014848
0.23094192324861068
0.20232280800119043
0.3792826804528886
0.45028169390061523
0.5123236204497517
0.4829914796522644
0.3184892555014812
0.34999634909909216
0.5596729197997774
0.3642250745477213
0.42632251234899743
0.6876937040506164
0.8217895643996599
0.4977072287016199
0.6184023121000791
0.7285218432996772
0.8381397625511454
0.830697320550098
1.0445869909490284
1.2884136997992754
1.247711545049242
0.5775932235497748
1.2875817999498396
1.0759607854481146
0.9949476281479293
1.5042413028008013
1.8496123799995985
1.214156655898114
1.4147023627017916
1.4088369870980386
1.918359109848825
3.0487390603004316
2.4602500769979088
2.7993188492997434
3.0933679644513177
2.539341260752553
1.8471326747006969
3.2647634777997157
2.081541590850975
3.50145788770169
3.5835859078993964
3.725022116400942
2.1161115145499934
4.530206474749866
3.7988391075996333
5.302310127450619
5.413751497598423
4.19184126695036
3.9186479464515287
5.696152991248527
4.22388434954919
5.077544786198269
3.862615977749374
5.618651621699973
7.098782534149359
6.226508420001482
6.600364833601634
9.712347735351068
12.966282874149329
6.587020670701895
5.98560274330157
8.67914308565014
6.072329827249632
12.528053246098716
