0.004246956101997057
0.004747328697703779
0.0057149262996972535
0.00647439174936153
0.008220819100097287
0.008548494399292395
0.009781561899580992
0.010908736650890205
0.012016868851787876
0.013221283198072342
0.015048571249644737
0.016833269000198926
0.018062949100567494
0.020174295550532406
0.021023181449709227
0.023735634998593012
0.026324714648944793
0.030290829301520716
0.030952721001085592
0.03296438109973678
0.03718510834951303
0.04004755415007821
0.041352560599625575
0.045596913102053806
0.05178101134806638
0.05117334019887494
0.06174556990226847
0.060527914352132936
0.06420050895103487
0.07178224110029988
0.0731721815012861
0.08129853599748457
0.08438372789896675
0.09139973704877775
0.09934322330373106
0.10278196539948112
0.10502561365210568
0.11422271049959817
0.1172461571994063
0.1215900918985426
0.1302159124017635
0.15058747115326696
0.16160591685038525
0.16314858690020628
0.17964582970162155
0.18568359989803868
0.19491937779966975
0.2003225875007047
0.20114011359910364
0.23209805739825243
0.24853548625178518
0.25148434129805536
0.27317078244814186
0.28332059080130423
0.29061256179993505
0.30769973950009444
0.31619973044871585
0.3409100904515071
0.3527978318488749
0.3893170359973738
0.39288280139953713
0.4249847774990485
0.4410610804487078
0.45387959700237845
0.4652157976503076
0.5108804695017171
0.5466915282988338
0.5361341005504073
0.6114818101494166
0.5608334390024539
0.6101078088999202
0.6752709014996071
0.731097616351326
0.7066147795005235
0.744786969202687
0.7296976356010418
0.7736441873494186
0.8732575015506882
0.9121043728511722
0.9184769174004032
0.9748558547471475
0.9765585314984492
1.0383666827001434
1.0790212670981418
1.24033128275114
1.2747817268005748
1.2077579193486598
1.3635578243491182
1.4842640193477563
1.5457115036493634
1.5321713677498336
1.570657630248752
1.5869073908492282
1.635681209100585
1.597916971399536
1.8100772969475656
2.163147747947369
2.1020669774989074
2.1510901910514804
2.075503732652578
