0.004193173547537299
0.004095141800644342
0.004833692900137976
0.004730978400039021
0.008683427446521818
0.008668324051541276
0.008946913652471267
0.010916429899225477
0.016111996949621243
0.018073523202474462
0.015843765150202672
0.02155867415203829
0.021789760200772435
0.023765042151353555
0.032065087999217215
0.030710420801187865
0.031467113901453556
0.044415895297424866
0.04247901719863876
0.043073786600143646
0.05664512499934062
0.054484885549754836
0.0689607470005285
0.07439041234974866
0.0755526294487936
0.0790975575982884
0.0750721161988622
0.09335365844817715
0.11211271195061272
0.10891399314859881
0.09965801060025115
0.11121395065129036
0.14205390240385896
0.10261214890124393
0.1292152959496889
0.16024795990088023
0.16859070074933696
0.13629778769754922
0.22083741304959403
0.2051887383502617
0.24933080970004085
0.2565707922978618
0.21774739690008574
0.22197978330150364
0.2647416924482968
0.2344784653512761
0.2451499221024278
0.29151419774789245
0.34023763135191987
0.28366738754848486
0.31333697174995906
0.34104585324967046
0.3502532758997404
0.38929584574798354
0.41361849015011104
0.48504929229748084
0.4642649613502726
0.37155619070035756
0.47391644020026436
0.4491014855528192
0.48350143145144103
0.5639350256984471
0.6108581167012744
0.5186826780496631
0.5764492363479803
0.6032427544989332
0.6366248900507344
0.8226378699975612
0.762541467250412
0.8078156942501664
0.8234436213992012
0.7962833686986415
0.7219780473984428
0.9235814539497369
0.7726971871481509
1.0443804313479632
1.0431069544014462
1.0293952977990557
0.9157436511995911
1.1900774960500713
1.1711819684518558
1.3214135988004272
1.3887143956490036
1.2081061145028797
1.2653853163981694
1.550089339751139
1.278633069350326
1.4366952215008495
1.2329262639024818
1.5199417299510969
1.6781490635003138
1.5859573180503503
1.772504175350332
2.1789157559498564
2.4584753225994063
1.7969951833008964
1.7815527527520316
2.3169889981021696
1.862692146700283
2.4658396725484635
