0.019682113800081426
0.027261848995112813
0.031060348395840265
0.03784425280173309
0.06435524879489093
0.061901031198794955
0.07422725280630402
0.10607690840261057
0.12196933680097573
0.15171001500275452
0.20172729899932165
0.22987718239601235
0.3060664374002954
0.3473759896005504
0.39887659559899474
0.4785812540008919
0.6728450604015961
0.8383726214029593
0.7571534756018081
0.7512206308019813
1.1494044764025602
1.1974685675930232
1.363584455399541
1.5831500981992577
2.3078514882014134
2.095649141195463
2.9590446788002738
2.7442438739992214
3.3061126730026444
3.3307929053989938
4.450261028800742
4.706643596198409
5.238619635996292
4.917597470601322
5.381222122398322
5.681012863802607
7.164204320602584
10.25726120939944
8.497122925397708
9.617628909798805
17.53101046340016
12.106663843599382
12.697601571999257
11.470006567999372
16.05413236700115
17.56368900660309
16.313860450001084
21.71381886319723
21.047743162800906
28.31396070360206
