0.0020645932003390045
0.002087124003446661
0.0022054629982449113
0.002827260407502763
0.002527836593799293
0.002836660997127183
0.0033660721965134144
0.0032515461993170903
0.004521596396807581
0.0037395274033769966
0.004054721197462641
0.0038927176006836816
0.004325594002148136
0.005081332800909877
0.0050728539994452145
0.005915056593948975
0.00614384280052036
0.006566354600363411
0.005237148801097646
0.007064560998696834
0.006902599000022746
0.008092890400439501
0.009275666999747046
0.00793714459578041
0.009342323601595126
0.010205408997717314
0.010489131804206409
0.011116223005228677
0.011096415796782822
0.011090214000432752
0.010440759602352046
0.0117810564028332
0.013890194203122519
0.0142732319975039
0.015228339796885848
0.01447208420431707
0.017007449400261977
0.014892738207709044
0.015045187596115284
0.01737907499773428
0.016616812796564774
0.019613871397450567
0.017054494403419086
0.020639672604738736
0.022504225999000482
0.02129676740441937
0.019182139603071847
0.020974198001204057
0.021560250196489505
0.02301350819761865
0.02320089259883389
0.02429043079901021
0.023056404601084067
0.025654123999993318
0.02545995120308362
0.028823341202223674
0.02520050440216437
0.02835381160257384
0.03324612540018279
0.03506043479719665
0.031773367399000566
0.033132772403769196
0.03297082419740036
0.03374446980305947
0.03404509460087866
0.033475259799160995
0.03435111119761132
0.03546074960322585
0.03851805279846303
0.03516343460069038
0.042111205594846976
0.0377735155983828
0.03917682299797889
0.03780580980237573
0.044244702399009836
0.04484423380345106
0.047382085202843885
0.04774696380191017
0.047544283801107666
0.046134229205199516
0.049463940999703485
0.047039470000891016
0.04880012700159568
0.05738147119991481
0.0537881638010731
0.05951144819846377
0.0567831816006219
0.07107050319900736
0.05724455220333766
0.05766267760191113
0.06460875680204481
0.06385875899868551
0.06959764559869655
0.06875788699835539
0.07119298759789672
0.06859915140084923
0.07286803220049479
0.07539229140093084
0.06829205800022464
0.07081799300212879
0.0723498221981572
0.07843568040116225
0.07781935840321239
0.07347088280075695
0.08098978459893261
0.0798919215973001
0.08209769099776168
0.09049764219671488
0.08639726299734321
0.08205366979527753
0.0937553668016335
0.1006062890024623
0.08739089179725852
0.09443813959951512
0.0920392591971904
0.09893577140173875
0.09376245539460797
0.09915073060547001
0.09598953240201809
0.09115256500372197
0.11046207100152969
0.10239130099944305
0.10351023999683093
0.1052655783976661
0.10779007500095758
0.10954303940525278
0.11371698320144788
0.10497337679553312
0.11048869199294131
0.12283338820561766
0.11489438799908384
0.11064913959417026
0.12509999239991884
0.12228191580215934
0.12613174979924224
0.11748739639588165
0.12110055020311847
0.11559618840110489
0.12669931080308744
0.12630561719997785
0.1383674193988554
0.13874413360026666
0.14597989499743563
0.13517696079798042
0.14692650260112713
0.1396905258006882
0.14624040680355394
0.1481640000041807
0.14204935699817725
0.14181183880136813
