0.0037491514027351513
0.004729011599556543
0.00511263600201346
0.005702124195522629
0.005995108603383414
0.0070078640012070535
0.008125269200536422
0.009261279998463578
0.012254064000444487
0.009855894799693487
0.012747003804543055
0.013919150797300972
0.013015837196144275
0.015368707402376457
0.01567246140621137
0.019471856599557212
0.022177131997887047
0.02877541839843616
0.02875390719855204
0.020101866801269352
0.028010571998311206
0.023944787800428458
0.037262772404938006
0.041954907204490154
0.03902513379580341
0.04448780019883998
0.047884197600069456
0.05238323519588448
0.053995019203284755
0.06453879479668104
0.05001689959608484
0.05666644919547252
0.061673750195768665
0.0822655112016946
0.08385828459868208
0.098949078595615
0.09681926799821668
0.11746398279501591
0.08967607940139714
0.11181949120364151
0.09256206179852597
0.15691542559943628
0.11567179739649873
0.1321420963970013
0.1299354461982148
0.13661350439942907
0.15807585139991714
0.17845561519789044
0.16773642620246393
0.16473538640129845
0.20981782639864832
0.15206126860284713
0.21491429900052025
0.17272170979704243
0.22544853199797216
0.24062088500068057
0.2256589617987629
0.2556092470011208
0.2425408476003213
0.262055765002151
0.2606395354028791
0.31097237699723335
0.2711635562009178
0.3110587113973452
0.2920467470015865
0.35152716319717003
0.3334397020022152
0.41082253979984673
0.35131752159795726
0.3705843470001128
0.33125251560413743
0.3580067060043802
0.4154998831974808
0.4364338893996319
0.4348060528020142
0.4244235955993645
0.5101711251976667
0.45135023300244936
0.5172347415966214
0.530710826595896
0.5014834682078799
0.5718041268002707
0.5440921433997573
0.5899124168005073
0.5798721957980888
0.6170784385991283
0.6669922493980266
0.8183498300029897
0.7946206143940799
0.67306929359911
0.7811457595962565
0.8171467339998344
0.9071048154000891
0.9169650307972915
0.8599307678028708
1.059278763801558
0.931001605396159
0.9645113537961152
0.9779521787975682
0.9473163755988935
1.117705834202934
1.0974876271997345
0.9713610970007721
0.9710071353998501
0.9643615592009155
1.0669445653969887
1.0471566434018313
1.1443789678043685
1.1490736428007948
1.1991269582038513
1.2633891984005459
1.2596005459985462
1.3156870258040727
1.4252258563996292
1.4032026242057327
1.4468295845988906
1.5981464426004095
1.4499769867950818
1.50774957939866
1.574225187196862
1.463121453198255
1.5801058300043223
1.4210587701993063
1.3270044277975104
1.577618074399652
1.7373690244014142
1.716389511799207
1.6481445192010142
1.827962307204143
2.113855332595995
1.88251894400164
1.8773652908043004
1.8642381084006048
2.0750557637977183
1.9320869648014196
2.3450963952054735
2.0226209905958967
2.2175107462040615
2.238663025398273
2.577769003598951
2.3829160477995175
2.270532638800796
2.372277416003635
2.7966392275993712
2.543407794399536
2.7912015848007288
2.5898881039989647
2.7805806211952584
2.7996797982021233
2.758921237199684
