0.004701493997708894
0.004556600796058774
0.005520606599748135
0.007122892202460207
0.008083867002278566
0.008629634600947612
0.009942930596298537
0.01067062119836919
0.014845861401408911
0.01726501079974696
0.01416682240087539
0.015983841600245796
0.018910276601673104
0.020999048798694277
0.021290929397218862
0.0251056202017935
0.02557049800234381
0.027333599998382852
0.030510974800563417
0.03610710839857347
0.038715764798689635
0.03976229519757908
0.04677588539489079
0.046305490599479526
0.045662559603806586
0.05833331040339544
0.06503169279894791
0.06949083740182686
0.07827933319495059
0.08414312580425758
0.0733198452013312
0.08344785560038873
0.0908348034019582
0.12186900119995699
0.10109608480124735
0.116892821204965
0.1297089946019696
0.12278023380204103
0.1357801465986995
0.14006207500351592
0.14880522940075025
0.14600216220133005
0.17432518839777913
0.1941934078000486
0.17716166680038442
0.21199266059556976
0.2344282455946086
0.19900013580336234
0.22056407300115097
0.23064988420228474
0.2561470606044168
0.305973289598478
0.3180784077994758
0.30552878900198266
0.320524680998642
0.40093809220124965
0.3535703731991816
0.4002666346001206
0.3874182339990512
0.44705938560073266
0.464659253397258
0.5172737247979967
0.423395285604056
0.5293437230022391
0.5198137336003128
0.5570276938000461
0.6169055056001526
0.6236803737963783
0.6996788285963703
0.6545352070010267
0.6840248978027376
0.7177371793950442
0.7968647738045547
0.8231415530026425
1.0161789133999264
0.9083801269967807
0.8870726850029313
0.9617169528006343
1.0099520586023574
0.9990567248023581
1.0429512071947102
1.0711313541949494
1.0763755207997747
1.436591647999012
1.2740609778033103
1.3922447784018004
1.349452140199719
1.626798301396775
1.5936316078004893
1.7451722336001694
2.053813837200869
1.65310540299688
1.873206863598898
1.965122994000558
2.0392504623974674
1.98998387119791
2.1473012718051905
2.1467223596031544
2.6246448652032996
2.329297275398858
2.4763782727968646
2.493384628597414
2.4497629347984913
2.906530147997546
2.8066147263976746
3.116520010799286
2.9289093457977287
3.1391291854000882
4.0234563228004845
3.378957486394211
3.4115242317959202
4.071010434199707
3.6532893917988987
3.9077426082047166
4.668732437599101
3.998677008601953
3.946336672198959
4.505215600001975
4.854511681001168
4.336388551202253
4.602733268402517
4.968058938795002
4.904049152403604
5.007083833002253
5.25261444299831
5.397326573397732
5.198689920999459
5.399508833998698
6.2389912118000215
5.7001864828023825
7.052665200200863
6.793939638801385
6.744664765798371
6.680690155606134
6.986477611996816
7.495974018998095
7.129183526203269
7.651583688595565
7.5967744491994385
8.354911956205616
8.693702733601095
9.18384164099989
9.179588861198862
9.193353433199809
8.853542523199575
9.133110082600615
10.908706581400475
10.399318402804784
10.214657656598138
11.10956098260067
