0.01051523860078305
0.011372736399061978
0.012838705600006505
0.015652276805485598
0.016606812199461272
0.018474159599281847
0.021434271993348374
0.02318344739614986
0.03162152179866098
0.030860433002817444
0.030968547402881085
0.03379570999823045
0.03625170779996552
0.04144908900198061
0.04203624480287545
0.05049253339529969
0.05389147280075122
0.06267537299718243
0.0645020308002131
0.06327353619853966
0.07362893579702359
0.07179997339844704
0.09331432479957584
0.09619754239975009
0.09403001700120513
0.11302651959995273
0.12340502220322377
0.13299029560294
0.14337076819501818
0.15977213460137135
0.13377750439976807
0.15189536119869446
0.16639874780084937
0.2184077443991555
0.20018270919681527
0.23031398400489705
0.24353571200044827
0.255136954804766
0.24050141359621194
0.26926064120489174
0.257984103995841
0.3225314591982169
0.30705148019769696
0.34697517680178863
0.3296013389975997
0.3699029323994182
0.4116862365975976
0.3984299490024569
0.4098607494001044
0.41839877880120185
0.489165779601899
0.4823249890003353
0.5560491114010802
0.5039046227990184
0.5714331641996978
0.670382318404154
0.6044298394001089
0.6842296932038152
0.6632052069995552
0.7441755854000803
0.7570721561991377
0.8613788741989993
0.7275296660023741
0.8741469042026437
0.845905575202778
0.9420301167963772
0.9846963187999791
1.069963663199451
1.0895144029927906
1.06028298860183
1.0573886190017219
1.1135174009978073
1.2515414800000144
1.2973812522046502
1.4952296686009503
1.3776479563995963
1.4446258954034419
1.4608141496049938
1.5747310840000863
1.5759017806034534
1.5938986164022935
1.689974950996111
1.6692677912011278
2.083885535999434
1.9077213374024722
2.0688346651993923
2.0732275711983674
2.516218634598772
2.445496774397907
2.4759042048011906
2.8995683535991703
2.5341108959953997
2.8499093245976836
2.950845911796205
2.970374217798235
3.1178617864003173
3.151170909401844
3.1866260048002006
3.6708891020010923
3.3474316439998804
3.666433929197956
3.6693079361983107
3.498943390202476
3.951008166198153
3.8519660701975225
4.263356497793575
4.058163680197322
4.374005795401172
5.258927228598623
4.660138114393339
4.768668796998099
5.431217269200715
5.05636730940023
5.427406604203862
6.163974321002025
5.544442364602583
5.638245570193976
6.054343317402527
6.458250792801846
6.001766303402837
6.176316792602302
6.650556069798768
6.428618162599742
6.4393538391974285
6.93802259239892
7.244238637204399
7.028796416000114
7.152626729995245
8.177442210997105
7.936875203603995
9.050078532201587
8.781954069199855
8.734002866598894
8.878027835206012
9.044696326597478
9.95855781059945
9.272905067002284
9.98469062320073
9.962136785400798
11.058986577004543
11.214986200799467
11.593118413400953
11.697846172199935
12.125169621597161
11.54387682020024
12.064002193202032
13.644835092202992
13.328063024004223
13.156386811798438
14.01029405860172
