0.006474185202387161
0.004550330000347458
0.00449944339634385
0.006326777799404226
0.007093428200460039
0.008409605597262271
0.008417721398291177
0.009364800600451417
0.00911872100259643
0.011232237998046912
0.013526602199999616
0.013315638800850137
0.020364912998047657
0.02355037139786873
0.029267502002767287
0.018887009800528175
0.02183703299961053
0.027290469396393745
0.027676776799489745
0.037443696995615026
0.03529400259722024
0.04366057180159259
0.03460114620102104
0.04536941200203728
0.03578336759819649
0.06474085619847755
0.0611786161956843
0.060981159599032254
0.06311621479690074
0.05998235500010196
0.07759415519540198
0.06275239500391763
0.08247808820160571
0.10573780439735855
0.09815445200074464
0.10260887419863138
0.12532173059298657
0.1212890908063855
0.08607407080125995
0.10022082580253482
0.13304363299685065
0.12750687899824698
0.13743591659876983
0.120593625397305
0.1358843836002052
0.20198175959812942
0.20507948540034704
0.16361156439816113
0.1367590259993449
0.1649456309998641
