6, 0.563973067999541
7, 0.5218646416657672
8, 0.5257522536667238
9, 0.5293782763334699
10, 0.525536215000102
11, 0.5324396440003815
12, 0.534773729332907
13, 0.5324242530004994
14, 0.534016704666404
15, 0.5412127653332087
16, 0.5339846440001565
17, 0.5518801916659868
18, 0.5466626316665497
19, 0.549868387333845
20, 0.5807289296668993
21, 0.5870982886669177
22, 0.6977742089996658
23, 0.9481656230000226
24, 1.4564800306670804
25, 1.187571273332651
26, 1.8151038109990623
27, 2.507697744333806
28, 10.40896937966742
29, 14.193500122000236
30, 16.268609137667227
31, 14.0502943203331
32, 38.927621348999914
33, 97.30919746933371
34, 139.24426335700142
35, 357.2673961356656
36, 481.71931480566735
37, 581.4822060236669
38, 1652.474479157332
