0.002178385597653687
0.00251288459985517
0.0031515296024736015
0.003289368801051751
0.004559451204841025
0.005340810204506852
0.006033666399889626
0.006671235800604336
0.007938119399477727
0.00945510579913389
0.011021022399654612
0.01159354200353846
0.015379455997026526
0.016848782397573814
0.02085184780007694
0.02069364280323498
0.026233292199322022
0.028284775599604472
0.03395358980051242
0.036387413600459696
0.04052199060388375
0.0431692223995924
0.050868134398479016
0.05430852860154119
0.06352754119725432
0.06897751340293326
0.0792847550008446
0.0875800015986897
0.0996493169979658
0.09608365419553593
0.11629392200266012
0.11099621759785805
0.1395297237992054
0.14161791460064704
0.16374407400144264
0.17788136820308864
0.19709283020347357
0.19939817739650606
0.2565085307956906
0.24386754539445973
0.27935010960500223
0.28668266420136207
0.30241912380151914
0.30400412100134416
0.3415141578007024
0.3671652928023832
0.39569986579881516
0.3977564286033157
0.4570344163978007
0.4691722065967042
