0.028334684600122274
0.03432506359531544
0.038711321394657716
0.04746039940218907
0.07600812820019201
0.07565144700056407
0.08867864060448483
0.12211294480366633
0.13902617720304988
0.1723973587999353
0.22627492359897589
0.25478636320040093
0.3418108063953696
0.38777514339599295
0.44899594540183896
0.5181619066046551
0.7209153856005287
0.8939478663989575
0.8187838422018103
0.825051741398056
1.2252204696036642
1.284298361794208
1.4490537359990412
1.682828038802836
2.4071623969968643
2.229367510796874
3.0995080499968024
2.892805035196943
3.468878204797511
3.486858914594632
4.644149105998804
4.880392208800186
5.460627447997103
5.164953189599328
5.643120648400509
5.9615031062043276
7.486618881399044
10.57794847760233
8.839705526994658
9.9617172809958
17.943404206002015
12.52085338679899
13.137456612399546
11.89460431439802
16.531530908402054
18.1328360590036
16.914639801200245
22.275186856198708
21.641536605198052
28.94807854119863
